10008
10017
10021
10022
10028
10030
10036
10037
10043
10073
10080
10113
10115
10120
10123
10139
10156
10163
10177
10187
10192
10218
10223
10231
10247
10253
10257
10260
10261
10269
10278
10282
10297
10301
10302
10303
10308
10323
10343
10351
10354
10356
10358
10361
10364
10374
10378
10406
10409
10418
10422
10432
10433
10463
10475
10476
10484
10488
10494
10495
10498
10505
10530
10540
10547
10561
10565
10567
10605
10627
10628
10643
10648
10653
10657
10660
10665
10671
10675
10680
10688
10692
10699
10703
10716
10730
10755
10756
10757
10762
10779
10794
10798
10808
10836
10843
10855
10857
10863
10867
10868
10887
10888
10900
10904
10906
10911
10914
10916
10921
10928
10943
10944
10950
10953
10956
10971
10973
10982
10986
10990
10992
10996
10998
11000
11008
11022
11031
11034
11056
11064
11071
11076
11105
11137
11144
11156
11164
11174
11178
11182
11185
11191
11205
11218
11220
11222
11227
11236
11250
11252
11253
11262
11263
11267
11275
11281
11290
11291
11309
11312
11314
11315
11336
11338
11344
11350
11355
11359
11368
11378
11381
11387
11397
11404
11410
11426
11427
11450
11485
11503
11509
11516
11522
11536
11540
11549
11551
11555
11566
11584
11591
11599
11606
11612
11623
11651
11656
11669
11673
11675
11703
11708
11712
11722
11732
11733
11734
11737
11744
11773
11787
11788
11790
11791
11802
11804
11805
11816
11822
11839
11844
11846
11855
11858
11860
11867
11872
11874
11877
11880
11881
11898
11924
11928
11929
11933
11935
11964
11972
11984
11999
12003
12018
12025
12042
12044
12045
12053
12055
12061
12064
12069
12074
12077
12083
12100
12101
12117
12119
12120
12122
12126
12128
12140
12161
12163
12164
12167
12185
12196
12215
12221
12222
12238
12264
12275
12280
12282
12310
12319
12322
12339
12341
12346
12354
12366
12367
12368
12371
12375
12377
12382
12397
12400
12412
12414
12422
12424
12427
12437
12459
12468
12470
12477
12489
12496
12502
12511
12548
12553
12557
12570
12571
12582
12583
12592
12599
12600
12610
12629
12636
12639
12658
12668
12689
12718
12727
12729
12743
12752
12756
12757
12758
12767
12779
12794
12801
12812
12820
12836
12849
12852
12876
12881
12882
12917
12919
12942
12956
12967
12977
12983
12985
12991
12992
12995
13008
13010
13032
13038
13045
13067
13068
13083
13092
13105
13115
13133
13146
13149
13153
13158
13160
13169
13184
13205
13207
13212
13245
13252
13254
13271
13274
13281
13291
13305
13314
13315
13335
13346
13347
13357
13374
13405
13411
13421
13423
13433
13442
13448
13453
13455
13466
13495
13497
13498
13501
13516
13521
13543
13559
13568
13572
13575
13576
13579
13586
13594
13601
13612
13613
13619
13624
13626
13637
13638
13652
13660
13666
13676
13679
13684
13693
13697
13707
13708
13717
13730
13735
13742
13758
13762
13767
13770
13780
13801
13809
13813
13832
13833
13842
13846
13860
13868
13871
13876
13878
13893
13897
13931
13940
13943
13946
13947
13958
13971
13974
13975
13980
13983
13984
13996
14004
14019
14029
14031
14041
14047
14049
14052
14058
14059
14061
14064
14084
14086
14113
14121
14122
14128
14136
14140
14152
14154
14187
14195
14199
14231
14271
14275
14279
14301
14325
14404
14410
14415
14421
14424
14425
14434
14444
14451
14458
14473
14488
14495
14502
14510
14518
14523
14547
14560
14570
14583
14591
14599
14626
14638
14640
14651
14652
14658
14663
14668
14678
14680
14682
14686
14691
14705
14709
14715
14719
14724
14739
14744
14754
14762
14772
14776
14778
14782
14788
14810
14838
14887
14894
14903
14919
14956
14961
14963
14967
14973
14977
14987
14991
15017
15041
15045
15053
15080
15084
15098
15100
15102
15108
15115
15123
15132
15143
15148
15156
15159
15167
15173
15181
15182
15183
15186
15194
15240
15243
15249
15260
15288
15290
15301
15308
15310
15318
15319
15322
15337
15338
15339
15340
15341
15354
15360
15361
15364
15375
15393
15410
15414
15439
15446
15447
15454
15456
15463
15468
15474
15499
15505
15518
15527
15531
15535
15536
15537
15538
15541
15554
15560
15562
15571
15575
15587
15591
15598
15606
15609
15622
15643
15649
15651
15691
15692
15694
15711
15730
15733
15739
15762
15767
15772
15776
15782
15801
15812
15817
15833
15837
15852
15856
15869
15872
15873
15880
15882
15905
15906
15917
15924
15930
15938
15945
15964
15967
15983
15991
15995
16016
16019
16039
16044
16047
16056
16059
16086
16089
16102
16111
16115
16136
16139
16152
16158
16163
16166
16174
16200
16202
16213
16225
16230
16253
16255
16265
16267
16273
16280
16282
16296
16303
16309
16310
16316
16319
16341
16344
16348
16351
16361
16367
16369
16376
16391
16398
16415
16419
16421
16443
16446
16461
16470
16477
16484
16493
16507
16508
16530
16548
16564
16581
16582
16597
16619
16648
16653
16675
16692
16696
16709
16711
16714
16745
16753
16759
16767
16773
16774
16777
16782
16786
16790
16798
16810
16830
16841
16882
16889
16895
16910
16912
16917
16923
16940
16941
16948
16956
16957
16962
16963
16965
16985
16987
16988
17004
17009
17011
17014
17018
17022
17048
17052
17055
17076
17078
17102
17117
17131
17132
17133
17135
17139
17153
17156
17161
17162
17168
17170
17177
17181
17190
17194
17199
17207
17221
17228
17230
17269
17272
17309
17324
17327
17338
17339
17340
17347
17352
17354
17368
17392
17394
17399
17406
17420
17424
17435
17442
17443
17447
17453
17473
17476
17491
17492
17494
17504
17516
17519
17535
17536
17537
17540
17546
17554
17566
17570
17591
17600
17637
17643
17661
17673
17677
17679
17722
17734
17737
17748
17752
17759
17778
17781
17782
17787
17790
17792
17801
17805
17806
17818
17819
17820
17822
17827
17830
17835
17863
17888
17890
17893
17910
17915
17916
17919
17930
17931
17937
17939
17944
17970
17973
17975
17990
17996
17998
17999
18008
18011
18021
18022
18036
18039
18059
18070
18074
18097
18116
18139
18143
18149
18150
18168
18169
18171
18179
18189
18190
18208
18222
18238
18262
18274
18275
18279
18286
18290
18293
18302
18307
18308
18309
18319
18355
18356
18361
18364
18389
18394
18395
18398
18400
18418
18433
18437
18449
18451
18457
18471
18483
18485
18497
18499
18507
18512
18520
18523
18537
18543
18544
18547
18549
18550
18557
18566
18574
18579
18582
18585
18588
18593
18594
18602
18620
18621
18623
18630
18640
18646
18650
18652
18654
18655
18656
18672
18690
18692
18697
18705
18706
18718
18719
18725
18736
18737
18743
18745
18747
18765
18767
18769
18782
18783
18787
18788
18800
18806
18828
18833
18844
18863
18874
18896
18900
18901
18928
18946
18954
18960
18964
18970
18971
18980
18982
18990
18995
19001
19015
19019
19045
19061
19065
19081
19101
19106
19126
19140
19142
19162
19165
19169
19170
19178
19191
19192
19198
19231
19250
19258
19261
19277
19283
19292
19293
19298
19303
19324
19330
19333
19346
19367
19368
19391
19393
19413
19418
19428
19435
19439
19447
19457
19485
19486
19517
19521
19536
19548
19549
19556
19559
19566
19571
19576
19591
19603
19609
19624
19632
19637
19655
19662
19672
19674
19675
19692
19708
19721
19738
19750
19758
19765
19793
19796
19819
19838
19840
19890
19897
19898
19905
19934
19945
19956
19963
19964
19980
19992
20011
20025
20034
20041
20042
20069
20089
20093
20097
20113
20147
20162
20175
20179
20191
20196
20207
20212
20216
20237
20244
20252
20254
20258
20266
20279
20280
20290
20295
20310
20324
20328
20340
20341
20348
20351
20361
20372
20376
20379
20396
20416
20419
20429
20435
20443
20447
20475
20476
20483
20486
20498
20523
20542
20547
20549
20559
20568
20572
20574
20576
20595
20598
20604
20606
20608
20616
20626
20627
20631
20660
20671
20697
20714
20744
20750
20762
20774
20777
20780
20784
20785
20795
20806
20818
20827
20828
20832
20833
20837
20839
20861
20862
20865
20867
20875
20879
20887
20895
20897
20899
20914
20915
20932
20944
20956
20966
20971
20982
20985
21004
21008
21020
21033
21041
21052
21053
21064
21074
21075
21080
21089
21094
21095
21098
21100
21129
21148
21183
21190
21196
21198
21199
21210
21212
21227
21246
21253
21274
21283
21313
21319
21334
21336
21356
21366
21373
21376
21387
21404
21425
21429
21432
21436
21439
21447
21448
21453
21470
21481
21499
21505
21510
21517
21547
21558
21584
21585
21593
21595
21598
21608
21614
21626
21635
21654
21690
21694
21706
21728
21731
21739
21782
21788
21801
21811
21816
21824
21828
21833
21836
21837
21844
21853
21860
21869
21875
21879
21886
21888
21905
21908
21914
21917
21925
21930
21943
21959
21961
21966
21970
21973
21974
21977
21981
21993
22000
22009
22016
22017
22073
22074
22079
22101
22103
22119
22155
22161
22166
22174
22178
22181
22198
22199
22218
22219
22223
22236
22237
22241
22251
22253
22263
22276
22283
22286
22299
22303
22319
22333
22337
22344
22350
22389
22394
22428
22445
22457
22459
22464
22467
22477
22481
22490
22502
22507
22511
22512
22521
22524
22536
22538
22542
22544
22546
22551
22577
22579
22580
22584
22611
22619
22624
22638
22671
22694
22700
22706
22712
22715
22732
22733
22743
22745
22746
22753
22754
22761
22774
22775
22781
22789
22796
22804
22807
22808
22819
22826
22827
22830
22839
22842
22862
22865
22870
22878
22884
22890
22911
22920
22927
22936
22943
22944
22945
22967
22976
22979
22981
22983
22998
23022
23027
23042
23045
23061
23066
23078
23089
23092
23098
23125
23158
23219
23221
23230
23240
23245
23246
23248
23266
23290
23292
23297
23303
23307
23314
23316
23335
23343
23350
23360
23365
23369
23371
23376
23381
23402
23436
23439
23453
23467
23504
23508
23512
23522
23533
23536
23540
23546
23556
23576
23585
23586
23618
23627
23638
23643
23648
23656
23657
23659
23663
23667
23670
23680
23682
23683
23689
23702
23710
23721
23724
23731
23746
23747
23749
23750
23753
23767
23770
23778
23788
23793
23797
23813
23814
23817
23852
23859
23868
23882
23892
23895
23909
23915
23917
23925
23937
23945
23952
23953
23966
23967
23969
23973
23977
23983
23991
24005
24012
24013
24031
24038
24040
24048
24050
24051
24052
24053
24057
24063
24065
24072
24076
24092
24119
24127
24131
24140
24164
24177
24195
24199
24202
24237
24249
24252
24255
24259
24261
24264
24268
24284
24285
24287
24293
24315
24322
24326
24327
24329
24342
24357
24360
24379
24383
24389
24393
24395
24401
24405
24417
24418
24435
24438
24440
24478
24505
24520
24533
24538
24541
24576
24593
24597
24602
24610
24612
24625
24633
24637
24640
24658
24664
24667
24670
24683
24694
24702
24703
24716
24727
24734
24741
24755
24769
24779
24780
24781
24797
24799
24831
24842
24852
24861
24862
24883
24891
24893
24897
24898
24900
24903
24907
24909
24912
24924
24926
24928
24941
24947
24948
24965
24970
24974
24975
24977
24980
24990
24999
25001
25015
25019
25021
25032
25039
25041
25065
25098
25115
25121
25125
25132
25137
25138
25150
25164
25165
25176
25180
25181
25199
25217
25223
25240
25248
25249
25271
25273
25274
25284
25305
25308
25326
25357
25367
25376
25378
25382
25392
25393
25402
25414
25415
25420
25436
25444
25446
25468
25496
25528
25533
25534
25537
25544
25572
25596
25599
25606
25607
25611
25625
25640
25643
25654
25657
25695
25701
25705
25709
25726
25732
25765
25777
25778
25779
25784
25785
25786
25797
25826
25830
25831
25835
25843
25844
25855
25859
25861
25863
25865
25893
25896
25901
25908
25911
25935
25936
25945
25946
25963
25970
25976
25994
25997
26012
26018
26036
26063
26081
26103
26109
26130
26134
26152
26158
26160
26169
26170
26172
26180
26205
26212
26225
26278
26282
26294
26303
26310
26317
26326
26345
26349
26352
26359
26369
26399
26408
26411
26412
26438
26446
26450
26476
26480
26497
26502
26513
26525
26536
26549
26552
26553
26556
26566
26570
26572
26576
26586
26587
26595
26597
26600
26603
26621
26631
26633
26641
26647
26648
26659
26661
26662
26680
26685
26701
26709
26739
26748
26750
26759
26760
26835
26849
26864
26868
26869
26874
26880
26899
26903
26913
26934
26967
26968
26979
26981
26985
26993
27013
27028
27040
27045
27052
27053
27056
27067
27070
27080
27096
27097
27123
27124
27131
27146
27152
27154
27155
27156
27158
27162
27174
27188
27208
27213
27217
27221
27230
27232
27240
27241
27258
27261
27265
27274
27275
27288
27292
27294
27304
27319
27341
27346
27347
27353
27361
27362
27364
27368
27371
27398
27400
27402
27416
27437
27456
27469
27470
27480
27493
27507
27511
27513
27518
27525
27541
27543
27550
27551
27560
27563
27577
27585
27599
27604
27618
27623
27627
27630
27641
27647
27667
27673
27691
27700
27701
27707
27708
27724
27729
27734
27741
27744
27756
27765
27773
27780
27792
27793
27815
27833
27840
27841
27842
27849
27864
27871
27876
27879
27881
27892
27899
27907
27910
27921
27928
27931
27933
27937
27942
27946
27952
27953
27959
27973
27977
27986
27996
28011
28013
28042
28046
28052
28062
28086
28089
28100
28104
28105
28119
28131
28135
28137
28154
28155
28157
28173
28175
28184
28185
28190
28195
28198
28203
28209
28215
28220
28238
28240
28252
28262
28264
28275
28324
28325
28350
28360
28363
28368
28382
28395
28402
28407
28414
28436
28444
28450
28451
28453
28464
28471
28472
28474
28487
28488
28493
28501
28511
28515
28523
28524
28530
28534
28543
28548
28566
28583
28586
28587
28601
28618
28636
28638
28640
28642
28647
28651
28654
28658
28661
28670
28673
28679
28693
28695
28699
28720
28741
28742
28745
28746
28756
28760
28772
28803
28804
28810
28817
28832
28837
28839
28849
28856
28860
28873
28874
28875
28878
28885
28886
28911
28913
28936
28958
28975
29004
29029
29034
29038
29058
29065
29080
29099
29101
29114
29125
29134
29138
29143
29157
29170
29190
29195
29200
29202
29213
29215
29217
29224
29225
29257
29259
29264
29266
29297
29315
29323
29332
29337
29351
29369
29370
29380
29392
29430
29448
29451
29452
29454
29456
29458
29466
29474
29478
29479
29500
29512
29516
29545
29546
29558
29559
29562
29590
29595
29600
29613
29623
29638
29642
29657
29669
29675
29677
29690
29696
29701
29739
29742
29750
29751
29752
29765
29804
29807
29809
29812
29814
29829
29833
29843
29859
29872
29879
29881
29883
29891
29893
29903
29904
29908
29910
29917
29933
29942
29952
29955
29960
29963
29966
29973
29974
29978
29988
29996
29997
30007
30008
30016
30018
30040
30084
30092
30098
30105
30106
30113
30137
30143
30150
30155
30159
30195
30197
30202
30203
30204
30215
30221
30228
30232
30248
30261
30274
30280
30297
30310
30316
30343
30364
30367
30374
30379
30384
30387
30420
30421
30426
30441
30442
30458
30460
30463
30470
30498
30501
30505
30510
30517
30524
30527
30531
30532
30543
30545
30553
30583
30592
30594
30599
30603
30614
30638
30645
30646
30647
30674
30685
30688
30691
30693
30702
30706
30707
30718
30723
30733
30734
30735
30751
30757
30758
30765
30767
30769
30773
30787
30790
30795
30797
30800
30801
30812
30817
30818
30835
30848
30861
30868
30873
30898
30907
30912
30919
30928
30953
30973
30986
30994
30999
31014
31028
31035
31037
31038
31040
31042
31043
31055
31056
31071
31074
31082
31101
31111
31126
31144
31145
31149
31153
31160
31177
31183
31188
31204
31213
31228
31234
31242
31245
31256
31272
31277
31279
31317
31321
31336
31340
31342
31370
31386
31401
31411
31415
31437
31446
31460
31465
31479
31490
31499
31514
31519
31528
31530
31540
31547
31551
31588
31593
31599
31602
31627
31635
31659
31663
31672
31674
31676
31682
31690
31695
31704
31710
31711
31719
31725
31743
31786
31794
31795
31796
31801
31803
31809
31811
31856
31862
31863
31865
31867
31887
31898
31917
31930
31946
31949
31952
31954
31966
31971
31978
31981
31998
32008
32024
32028
32036
32053
32060
32062
32087
32099
32118
32141
32146
32147
32151
32154
32156
32164
32165
32171
32180
32203
32223
32229
32261
32281
32290
32298
32301
32317
32333
32335
32336
32347
32385
32395
32397
32415
32429
32444
32454
32456
32476
32489
32492
32497
32501
32515
32516
32524
32547
32556
32568
32586
32588
32607
32624
32633
32665
32670
32678
32683
32685
32703
32709
32714
32726
32730
32750
32763
32765
32767
32782
32783
32799
32802
32812
32821
32838
32854
32858
32861
32862
32866
32871
32880
32886
32888
32915
32935
32946
32947
32961
32976
32984
32999
33001
33003
33026
33042
33046
33059
33067
33068
33069
33084
33087
33091
33097
33098
33108
33116
33129
33135
33144
33153
33161
33162
33167
33173
33179
33186
33194
33196
33198
33202
33203
33211
33213
33221
33247
33258
33263
33282
33286
33308
33313
33320
33323
33330
33334
33336
33358
33363
33365
33366
33374
33375
33387
33394
33396
33414
33415
33418
33422
33427
33439
33449
33455
33482
33488
33498
33504
33509
33525
33532
33545
33547
33551
33561
33569
33609
33614
33633
33634
33644
33657
33660
33661
33672
33680
33692
33718
33736
33759
33760
33765
33768
33782
33790
33794
33795
33810
33820
33826
33839
33854
33858
33880
33906
33914
33915
33919
33922
33970
33971
33983
33991
33993
34002
34004
34026
34028
34039
34042
34059
34093
34095
34104
34135
34139
34167
34179
34186
34187
34202
34220
34224
34245
34268
34272
34275
34290
34291
34293
34308
34309
34319
34339
34372
34378
34404
34407
34424
34431
34436
34456
34485
34491
34504
34505
34533
34549
34551
34552
34553
34559
34575
34588
34608
34617
34619
34627
34632
34633
34635
34641
34674
34685
34692
34723
34729
34750
34753
34756
34764
34766
34776
34779
34781
34782
34799
34802
34807
34809
34820
34826
34832
34835
34840
34879
34882
34890
34916
34919
34940
34941
34945
34948
34954
34957
34960
34963
34979
34990
34992
35001
35007
35015
35019
35036
35038
35041
35069
35070
35110
35112
35115
35135
35139
35144
35148
35152
35155
35160
35166
35173
35187
35201
35203
35212
35224
35227
35234
35240
35296
35310
35324
35334
35338
35351
35352
35365
35368
35380
35438
35457
35468
35471
35474
35511
35518
35529
35535
35547
35553
35555
35563
35568
35571
35572
35573
35584
35590
35603
35605
35606
35607
35615
35617
35624
35648
35661
35667
35680
35684
35685
35709
35714
35718
35720
35744
35763
35773
35782
35793
35796
35797
35817
35821
35822
35842
35858
35862
35863
35864
35866
35868
35888
35894
35903
35907
35909
35922
35926
35961
35962
35967
35969
35972
35980
36008
36023
36040
36043
36065
36070
36086
36093
36098
36105
36108
36114
36115
36138
36147
36158
36159
36169
36171
36172
36186
36190
36199
36210
36215
36218
36229
36232
36274
36277
36287
36298
36310
36311
36332
36343
36344
36347
36356
36365
36369
36376
36381
36386
36404
36424
36446
36477
36514
36528
36550
36554
36579
36595
36598
36610
36619
36622
36624
36626
36629
36660
36665
36668
36676
36686
36703
36707
36710
36721
36732
36741
36743
36751
36752
36753
36754
36766
36771
36790
36791
36797
36800
36812
36813
36849
36873
36876
36887
36891
36896
36898
36905
36912
36929
36939
36954
36956
36980
36981
36990
37007
37016
37024
37035
37040
37051
37052
37091
37107
37111
37123
37130
37144
37157
37158
37172
37175
37181
37219
37224
37226
37238
37252
37257
37269
37274
37284
37295
37300
37304
37311
37322
37324
37331
37334
37338
37342
37347
37358
37361
37362
37363
37375
37380
37385
37386
37394
37398
37407
37418
37421
37431
37438
37453
37467
37479
37492
37495
37501
37502
37505
37514
37536
37545
37562
37564
37565
37590
37597
37612
37637
37650
37679
37685
37693
37710
37713
37716
37722
37728
37729
37740
37748
37755
37766
37775
37788
37798
37801
37808
37810
37814
37818
37824
37845
37849
37852
37854
37876
37910
37914
37927
37930
37933
37935
37948
37950
37955
37964
37967
37979
37982
37986
38004
38009
38010
38011
38012
38031
38032
38054
38056
38058
38066
38069
38071
38081
38091
38093
38103
38127
38138
38149
38151
38157
38164
38169
38174
38176
38177
38193
38195
38214
38216
38221
38224
38229
38230
38236
38244
38248
38253
38254
38261
38263
38265
38266
38276
38284
38285
38286
38296
38316
38329
38337
38350
38368
38384
38407
38411
38413
38434
38452
38454
38468
38470
38483
38496
38500
38503
38508
38511
38517
38524
38537
38540
38551
38557
38558
38569
38575
38592
38604
38617
38625
38635
38644
38647
38649
38664
38665
38683
38696
38698
38700
38714
38727
38728
38729
38732
38737
38746
38748
38752
38753
38756
38768
38769
38773
38782
38787
38798
38828
38835
38840
38842
38878
38885
38898
38908
38913
38915
38930
38936
38939
38953
38966
38976
38998
39011
39014
39021
39040
39044
39048
39049
39058
39067
39077
39081
39083
39101
39102
39118
39119
39127
39135
39144
39145
39150
39156
39186
39199
39219
39234
39235
39239
39242
39245
39263
39264
39268
39278
39279
39285
39334
39355
39366
39371
39372
39380
39392
39399
39417
39442
39446
39455
39459
39462
39466
39468
39498
39505
39525
39533
39539
39553
39556
39557
39560
39572
39577
39583
39585
39593
39594
39600
39602
39604
39646
39661
39671
39677
39691
39697
39700
39703
39732
39749
39755
39762
39772
39773
39781
39803
39806
39817
39820
39827
39852
39860
39875
39879
39882
39885
39913
39924
39930
39932
39945
39949
39974
39975
39985
39992
40004
40021
40024
40029
40040
40056
40058
40078
40087
40096
40099
40107
40124
40143
40145
40150
40154
40156
40168
40187
40198
40206
40216
40219
40225
40234
40235
40246
40254
40261
40266
40268
40269
40286
40290
40292
40300
40301
40317
40320
40328
40341
40376
40380
40390
40400
40417
40422
40428
40442
40463
40471
40472
40473
40475
40489
40531
40532
40537
40538
40544
40545
40568
40579
40616
40619
40622
40626
40628
40633
40636
40637
40650
40652
40655
40657
40670
40673
40675
40681
40695
40698
40704
40709
40710
40724
40726
40744
40745
40784
40789
40792
40806
40821
40825
40828
40838
40845
40846
40847
40850
40859
40869
40875
40877
40879
40893
40922
40926
40935
40938
40940
40944
40959
40961
40962
40964
40974
40981
40990
40996
40999
41003
41004
41005
41009
41030
41040
41045
41048
41055
41058
41061
41066
41068
41088
41089
41090
41091
41093
41095
41096
41111
41117
41135
41143
41157
41163
41164
41171
41174
41183
41189
41191
41216
41219
41220
41223
41233
41237
41254
41269
41271
41277
41282
41288
41293
41307
41323
41332
41335
41374
41388
41391
41424
41425
41430
41432
41444
41445
41456
41472
41475
41481
41482
41514
41519
41520
41554
41561
41573
41579
41594
41618
41619
41629
41631
41638
41653
41661
41663
41665
41693
41697
41701
41702
41719
41728
41730
41756
41770
41777
41782
41784
41785
41799
41800
41805
41807
41819
41824
41827
41837
41839
41844
41850
41856
41879
41883
41891
41898
41901
41903
41912
41931
41944
41948
41950
41963
41971
41987
41991
41998
42025
42033
42047
42049
42056
42065
42078
42096
42098
42111
42123
42124
42148
42150
42160
42166
42174
42177
42187
42195
42199
42201
42213
42220
42248
42271
42278
42284
42293
42301
42303
42356
42369
42376
42385
42394
42396
42412
42413
42415
42427
42428
42433
42437
42444
42451
42452
42453
42457
42470
42480
42481
42486
42492
42505
42517
42539
42555
42556
42558
42565
42570
42581
42582
42586
42595
42596
42597
42602
42612
42619
42620
42622
42625
42635
42647
42652
42669
42675
42680
42687
42698
42700
42701
42702
42733
42742
42743
42745
42748
42749
42751
42753
42773
42786
42791
42808
42810
42814
42827
42834
42839
42841
42848
42862
42896
42899
42900
42906
42911
42913
42918
42952
42955
42965
42969
42983
42986
42991
42995
43014
43019
43023
43032
43049
43056
43064
43072
43077
43079
43091
43103
43110
43131
43155
43160
43161
43167
43177
43180
43182
43185
43186
43195
43208
43212
43222
43223
43230
43238
43239
43268
43275
43288
43303
43310
43321
43322
43330
43334
43345
43367
43368
43369
43370
43378
43382
43385
43404
43416
43418
43432
43433
43436
43439
43471
43488
43490
43512
43521
43540
43553
43561
43565
43577
43581
43584
43590
43592
43611
43614
43616
43617
43627
43645
43647
43655
43657
43660
43683
43688
43701
43706
43708
43709
43714
43726
43734
43737
43740
43746
43748
43774
43780
43790
43797
43802
43817
43818
43834
43838
43861
43867
43876
43881
43893
43899
43905
43906
43909
43924
43939
43946
43947
43950
43956
43961
43964
43968
43969
43973
43976
43981
43991
43994
44016
44019
44032
44051
44065
44071
44073
44082
44102
44118
44121
44123
44131
44133
44136
44156
44158
44169
44173
44177
44202
44212
44238
44260
44261
44269
44282
44290
44294
44301
44304
44305
44306
44315
44317
44323
44325
44343
44374
44384
44394
44398
44417
44418
44427
44429
44436
44455
44456
44461
44473
44476
44485
44499
44503
44516
44528
44550
44554
44577
44595
44599
44607
44609
44630
44632
44649
44654
44666
44667
44675
44693
44695
44696
44699
44707
44709
44714
44717
44722
44730
44737
44740
44773
44780
44808
44810
44822
44837
44843
44846
44850
44885
44908
44913
44914
44918
44929
44931
44932
44947
44957
44966
45000
45012
45021
45026
45042
45049
45050
45051
45062
45064
45068
45070
45077
45078
45079
45089
45090
45098
45133
45150
45154
45156
45160
45184
45198
45203
45211
45236
45238
45249
45262
45265
45274
45282
45284
45299
45301
45347
45350
45351
45361
45373
45374
45382
45383
45390
45396
45397
45402
45404
45421
45422
45423
45427
45442
45461
45468
45502
45503
45522
45528
45536
45541
45544
45549
45551
45553
45555
45557
45572
45582
45590
45591
45607
45611
45644
45658
45661
45683
45686
45687
45709
45716
45717
45718
45754
45767
45775
45776
45785
45802
45814
45833
45846
45852
45871
45877
45879
45882
45888
45904
45907
45925
45943
45946
45950
45952
45958
45960
45962
46000
46045
46046
46047
46052
46054
46082
46084
46087
46099
46111
46112
46117
46134
46143
46168
46177
46178
46181
46183
46206
46212
46216
46236
46237
46252
46261
46268
46281
46288
46291
46295
46297
46300
46314
46328
46334
46343
46344
46367
46378
46392
46393
46404
46415
46432
46439
46445
46449
46460
46475
46480
46482
46486
46488
46491
46498
46514
46520
46529
46539
46542
46552
46555
46557
46564
46570
46592
46596
46601
46604
46606
46609
46611
46616
46617
46630
46633
46635
46650
46655
46658
46659
46687
46708
46718
46742
46743
46750
46755
46756
46761
46771
46773
46791
46819
46833
46852
46857
46858
46862
46879
46885
46917
46946
46950
46962
46963
46972
46974
46976
46996
47004
47025
47029
47036
47042
47049
47051
47070
47075
47081
47098
47101
47103
47118
47120
47122
47135
47139
47140
47141
47146
47153
47165
47187
47194
47195
47213
47214
47235
47236
47258
47276
47289
47299
47303
47320
47335
47340
47348
47356
47359
47361
47364
47367
47370
47383
47393
47406
47415
47417
47418
47419
47423
47425
47453
47454
47463
47471
47476
47478
47481
47482
47494
47513
47521
47527
47532
47535
47540
47558
47589
47597
47604
47619
47625
47631
47655
47658
47671
47674
47678
47692
47705
47715
47730
47749
47750
47756
47761
47765
47767
47771
47780
47787
47795
47808
47815
47820
47828
47830
47832
47833
47844
47848
47854
47885
47894
47898
47904
47914
47942
47952
47959
47964
47982
47994
48000
48004
48023
48040
48042
48045
48052
48056
48080
48097
48099
48104
48106
48149
48167
48180
48220
48241
48244
48246
48249
48254
48305
48319
48320
48321
48324
48331
48335
48347
48348
48364
48367
48389
48391
48419
48436
48445
48452
48466
48485
48498
48520
48546
48556
48561
48565
48587
48598
48601
48602
48603
48605
48609
48617
48629
48652
48657
48671
48684
48692
48696
48729
48732
48737
48741
48748
48753
48755
48760
48774
48776
48787
48791
48792
48794
48815
48822
48827
48834
48842
48848
48871
48872
48882
48890
48891
48894
48914
48929
48931
48949
48950
48952
48957
48963
48965
48992
49027
49033
49034
49061
49083
49088
49107
49115
49120
49129
49130
49146
49148
49170
49180
49195
49202
49224
49231
49257
49275
49282
49285
49296
49303
49320
49326
49335
49345
49357
49361
49372
49378
49381
49388
49393
49417
49418
49421
49437
49442
49450
49452
49457
49458
49461
49468
49480
49489
49498
49506
49512
49518
49523
49538
49543
49557
49587
49596
49603
49619
49620
49625
49639
49648
49708
49714
49726
49734
49738
49739
49751
49760
49763
49771
49781
49784
49803
49809
49848
49854
49862
49864
49868
49873
49877
49893
49912
49928
49933
49937
49940
49950
49967
49969
49975
49994
49999
50000
50003
50008
50029
50031
50033
50036
50044
50059
50064
50067
50069
50082
50102
50107
50109
50110
50119
50125
50137
50150
50161
50186
50196
50203
50206
50208
50222
50249
50253
50254
50264
50277
50281
50297
50299
50304
50342
50348
50351
50360
50362
50364
50385
50409
50413
50430
50434
50436
50437
50451
50454
50473
50476
50498
50504
50506
50516
50528
50533
50547
50553
50559
50565
50570
50577
50589
50593
50598
50600
50602
50619
50638
50649
50670
50679
50704
50709
50710
50714
50731
50736
50742
50761
50773
50780
50791
50807
50813
50830
50838
50852
50859
50866
50874
50876
50911
50915
50916
50920
50937
50939
50949
50973
50980
51002
51007
51018
51019
51041
51048
51062
51066
51073
51075
51089
51094
51095
51107
51121
51123
51129
51136
51137
51144
51157
51169
51170
51182
51184
51190
51198
51209
51212
51215
51217
51238
51242
51245
51246
51248
51250
51262
51273
51276
51295
51310
51312
51313
51317
51322
51323
51341
51347
51350
51357
51374
51377
51385
51388
51390
51414
51420
51426
51445
51448
51455
51461
51472
51487
51499
51502
51512
51543
51548
51556
51559
51566
51571
51576
51577
51602
51611
51620
51627
51630
51640
51643
51653
51654
51662
51674
51677
51679
51682
51691
51694
51697
51741
51746
51750
51758
51763
51770
51785
51794
51800
51824
51825
51835
51837
51843
51853
51860
51879
51889
51892
51893
51905
51919
51920
51942
51943
51944
51954
51960
51978
51979
51982
51983
51993
52001
52010
52015
52030
52033
52045
52049
52081
52101
52105
52120
52124
52130
52136
52138
52139
52141
52147
52168
52169
52180
52183
52199
52203
52213
52226
52233
52277
52283
52287
52288
52293
52304
52308
52317
52320
52321
52328
52329
52339
52343
52345
52349
52371
52386
52424
52426
52435
52458
52475
52482
52483
52489
52497
52541
52552
52556
52566
52572
52581
52583
52605
52623
52626
52631
52633
52649
52654
52669
52670
52677
52679
52683
52712
52717
52724
52727
52736
52763
52769
52781
52808
52810
52826
52832
52838
52850
52853
52862
52869
52874
52895
52913
52916
52921
52931
52957
52967
52979
52985
53021
53022
53045
53047
53070
53083
53088
53089
53108
53117
53122
53123
53124
53127
53137
53141
53147
53150
53151
53154
53159
53167
53189
53192
53199
53204
53210
53217
53221
53234
53236
53245
53247
53273
53277
53283
53285
53292
53293
53303
53304
53308
53312
53317
53322
53326
53332
53334
53337
53354
53376
53381
53394
53395
53396
53400
53412
53415
53423
53424
53431
53432
53439
53449
53474
53480
53488
53497
53500
53501
53514
53517
53535
53549
53564
53566
53574
53575
53579
53599
53600
53604
53635
53637
53643
53650
53651
53654
53657
53658
53662
53669
53670
53674
53676
53678
53690
53694
53699
53702
53709
53716
53727
53728
53730
53739
53749
53751
53754
53760
53765
53766
53771
53804
53820
53823
53837
53852
53854
53862
53890
53895
53935
53938
53942
53946
53949
53957
53983
53991
53996
54001
54006
54018
54032
54034
54048
54077
54078
54080
54082
54094
54095
54108
54113
54133
54135
54138
54140
54166
54168
54183
54186
54191
54209
54215
54225
54236
54246
54250
54251
54259
54265
54271
54281
54288
54289
54298
54305
54319
54320
54323
54341
54344
54349
54383
54387
54421
54434
54436
54455
54465
54468
54483
54487
54496
54518
54520
54524
54539
54541
54548
54557
54561
54570
54577
54592
54612
54623
54628
54648
54657
54710
54711
54716
54727
54737
54749
54773
54778
54786
54797
54805
54812
54834
54837
54845
54851
54853
54866
54873
54875
54880
54895
54900
54903
54910
54914
54919
54926
54934
54944
54956
54965
54984
55000
55015
55020
55052
55059
55061
55063
55068
55090
55101
55125
55138
55141
55173
55177
55178
55196
55214
55231
55233
55235
55243
55247
55277
55278
55303
55311
55312
55317
55331
55341
55348
55371
55372
55379
55389
55440
55444
55459
55462
55469
55483
55502
55521
55528
55537
55541
55547
55549
55550
55551
55554
55560
55568
55595
55599
55603
55609
55610
55614
55616
55624
55636
55641
55647
55649
55661
55687
55695
55703
55711
55716
55717
55720
55732
55736
55738
55741
55745
55786
55789
55802
55810
55832
55835
55839
55843
55848
55858
55864
55865
55866
55880
55884
55885
55903
55915
55920
55927
55933
55946
55948
56004
56012
56024
56028
56046
56048
56056
56064
56073
56074
56084
56093
56113
56116
56124
56135
56140
56141
56145
56148
56161
56177
56184
56195
56201
56237
56240
56250
56256
56281
56291
56292
56297
56325
56330
56336
56352
56359
56362
56363
56376
56396
56410
56417
56421
56425
56431
56432
56436
56440
56443
56447
56448
56464
56469
56481
56505
56511
56532
56548
56552
56554
56560
56564
56572
56584
56593
56606
56615
56635
56645
56654
56655
56657
56664
56675
56677
56679
56694
56698
56764
56771
56772
56780
56788
56811
56816
56818
56827
56834
56839
56850
56858
56859
56860
56862
56871
56876
56882
56888
56896
56905
56908
56909
56910
56911
56926
56931
56944
56945
56946
56959
56969
56970
56977
56978
56985
57030
57038
57041
57057
57062
57063
57068
57074
57075
57082
57084
57092
57100
57115
57136
57144
57151
57155
57157
57163
57171
57173
57182
57189
57194
57219
57225
57231
57235
57237
57268
57291
57293
57304
57309
57322
57323
57333
57338
57339
57350
57354
57403
57405
57415
57440
57452
57459
57467
57473
57478
57480
57482
57485
57491
57499
57508
57515
57528
57532
57533
57535
57544
57573
57587
57601
57602
57608
57613
57630
57633
57635
57639
57652
57670
57674
57675
57678
57687
57700
57717
57726
57727
57746
57749
57750
57751
57756
57775
57777
57795
57800
57834
57839
57840
57843
57858
57866
57867
57868
57869
57874
57884
57890
57910
57927
57928
57934
57937
57949
57958
57963
57968
57981
57997
57999
58002
58021
58024
58042
58046
58050
58052
58055
58069
58074
58082
58083
58120
58125
58133
58144
58156
58157
58162
58168
58174
58176
58181
58193
58195
58198
58200
58204
58228
58233
58236
58243
58246
58253
58259
58283
58291
58293
58316
58329
58335
58341
58355
58367
58382
58395
58405
58428
58431
58450
58452
58462
58464
58466
58476
58481
58482
58489
58498
58512
58517
58520
58536
58537
58541
58545
58550
58557
58588
58591
58594
58604
58607
58623
58626
58630
58637
58640
58645
58647
58650
58653
58663
58671
58696
58704
58705
58707
58723
58728
58745
58765
58779
58782
58800
58805
58807
58843
58845
58848
58855
58870
58874
58889
58894
58897
58901
58913
58920
58938
58939
58948
58958
58975
58980
58989
59001
59006
59059
59082
59083
59093
59095
59097
59103
59105
59106
59109
59110
59112
59115
59123
59129
59133
59139
59147
59148
59150
59152
59156
59174
59178
59189
59210
59220
59225
59237
59243
59247
59253
59278
59295
59296
59303
59311
59322
59324
59326
59341
59342
59343
59349
59379
59403
59448
59456
59463
59474
59475
59486
59504
59508
59518
59529
59542
59546
59552
59553
59576
59588
59591
59594
59603
59608
59636
59674
59676
59678
59685
59704
59751
59752
59753
59758
59762
59764
59767
59768
59770
59775
59777
59779
59792
59818
59826
59835
59853
59854
59858
59873
59877
59887
59889
59904
59916
59917
59919
59923
59936
59938
59956
59960
59969
59972
59979
60041
60080
60106
60117
60123
60124
60127
60133
60142
60146
60155
60163
60164
60175
60176
60208
60216
60233
60268
60271
60277
60281
60285
60293
60302
60305
60308
60311
60325
60333
60335
60339
60350
60352
60357
60370
60375
60391
60395
60403
60405
60413
60431
60437
60468
60469
60474
60479
60480
60482
60486
60510
60514
60524
60526
60531
60537
60552
60556
60561
60564
60577
60578
60584
60589
60590
60595
60597
60604
60634
60667
60669
60685
60709
60712
60715
60734
60743
60748
60754
60756
60781
60783
60786
60788
60790
60799
60800
60805
60807
60833
60836
60840
60844
60853
60860
60870
60876
60892
60901
60912
60916
60921
60941
60953
60955
60956
60961
60973
60983
60991
61001
61004
61012
61017
61018
61027
61032
61042
61045
61049
61055
61072
61075
61076
61081
61082
61085
61087
61094
61098
61109
61110
61111
61125
61127
61159
61168
61176
61177
61193
61203
61220
61223
61245
61269
61286
61295
61299
61304
61314
61319
61339
61347
61370
61381
61382
61387
61390
61403
61409
61411
61417
61426
61435
61438
61446
61462
61478
61483
61496
61505
61508
61511
61528
61537
61545
61548
61552
61562
61565
61581
61600
61605
61616
61617
61620
61625
61628
61654
61659
61668
61688
61709
61723
61726
61739
61742
61760
61773
61776
61781
61796
61799
61802
61803
61830
61876
61891
61892
61913
61919
61927
61942
61943
61945
61949
61950
61952
61959
61963
61964
61968
61969
61973
61977
61987
62017
62022
62028
62037
62047
62070
62089
62091
62097
62099
62105
62108
62110
62116
62121
62143
62164
62167
62171
62179
62191
62196
62210
62226
62241
62246
62257
62264
62267
62269
62282
62293
62303
62304
62307
62308
62311
62327
62346
62348
62354
62360
62364
62372
62378
62380
62390
62423
62426
62434
62453
62468
62475
62476
62485
62509
62520
62529
62537
62539
62583
62584
62585
62597
62601
62621
62647
62650
62651
62661
62668
62675
62679
62694
62704
62708
62717
62732
62745
62753
62755
62756
62761
62778
62781
62783
62791
62793
62796
62801
62827
62829
62846
62852
62892
62897
62902
62904
62916
62925
62931
62935
62941
62944
62963
62970
62994
62997
62999
63007
63020
63043
63045
63075
63078
63090
63093
63106
63111
63122
63134
63141
63169
63174
63180
63195
63227
63235
63240
63248
63250
63259
63267
63277
63287
63296
63299
63300
63308
63316
63341
63342
63353
63354
63356
63368
63370
63380
63384
63386
63389
63406
63418
63427
63439
63459
63471
63473
63479
63482
63485
63486
63499
63503
63506
63507
63526
63544
63557
63570
63609
63611
63614
63637
63647
63648
63652
63680
63703
63704
63707
63710
63715
63717
63725
63732
63764
63771
63780
63781
63788
63793
63795
63805
63821
63822
63831
63850
63859
63863
63888
63900
63904
63907
63913
63919
63921
63923
63926
63933
63942
63953
63959
63973
63978
63985
63988
63989
64023
64049
64051
64057
64066
64068
64076
64100
64102
64143
64144
64148
64151
64152
64155
64166
64180
64207
64219
64220
64226
64236
64241
64259
64261
64298
64307
64329
64330
64343
64347
64348
64358
64361
64365
64370
64374
64377
64392
64414
64415
64419
64423
64429
64460
64462
64463
64476
64477
64493
64518
64523
64525
64528
64531
64562
64572
64577
64580
64582
64591
64599
64604
64616
64627
64633
64634
64639
64640
64641
64642
64646
64654
64656
64657
64665
64687
64688
64700
64702
64706
64723
64726
64738
64741
64742
64744
64771
64772
64777
64782
64783
64795
64798
64810
64813
64824
64834
64869
64879
64891
64894
64896
64898
64912
64927
64932
64940
64942
64944
64951
64954
64962
64968
64969
64971
64978
64985
65007
65027
65031
65049
65051
65053
65069
65072
65077
65080
65083
65084
65093
65104
65117
65162
65171
65174
65201
65211
65226
65227
65233
65236
65247
65250
65293
65302
65308
65313
65323
65328
65331
65344
65350
65366
65379
65380
65383
65392
65399
65409
65417
65426
65456
65464
65480
65483
65494
65510
65519
65521
65534
65544
65553
65561
65590
65614
65625
65632
65635
65637
65638
65651
65652
65656
65660
65675
65680
65693
65696
65697
65701
65708
65709
65712
65721
65728
65730
65737
65777
65780
65781
65782
65784
65795
65798
65803
65812
65821
65830
65832
65839
65859
65875
65893
65899
65908
65910
65914
65929
65942
65946
65962
65965
65972
65980
65999
66000
66005
66010
66012
66021
66032
66045
66049
66053
66058
66067
66091
66097
66120
66131
66142
66152
66159
66180
66188
66189
66199
66203
66211
66213
66215
66222
66224
66226
66240
66248
66258
66259
66269
66270
66277
66279
66291
66298
66315
66327
66334
66356
66363
66367
66369
66375
66380
66385
66386
66390
66400
66406
66409
66415
66451
66452
66457
66458
66470
66496
66500
66506
66515
66517
66522
66537
66547
66554
66559
66571
66622
66633
66666
66667
66669
66680
66706
66710
66722
66724
66726
66730
66746
66748
66750
66754
66773
66778
66792
66804
66809
66814
66817
66819
66820
66847
66849
66853
66854
66863
66870
66875
66888
66896
66900
66904
66913
66921
66939
66944
66970
66979
67006
67029
67041
67043
67045
67051
67074
67092
67100
67107
67119
67126
67127
67136
67145
67147
67153
67154
67164
67172
67181
67186
67214
67220
67226
67233
67240
67246
67263
67266
67268
67270
67274
67276
67309
67312
67354
67356
67361
67365
67367
67370
67382
67386
67388
67389
67390
67403
67425
67430
67439
67454
67455
67460
67474
67494
67511
67530
67542
67551
67555
67564
67584
67601
67604
67611
67617
67626
67673
67675
67677
67700
67704
67714
67724
67731
67745
67756
67765
67769
67783
67824
67829
67832
67837
67849
67864
67877
67917
67934
67940
67941
67954
67957
67966
67974
67980
67983
68005
68011
68012
68019
68025
68052
68053
68068
68069
68086
68093
68103
68107
68122
68125
68126
68132
68148
68166
68170
68177
68179
68187
68197
68212
68219
68224
68232
68247
68258
68266
68268
68270
68301
68308
68310
68320
68334
68336
68337
68339
68349
68360
68380
68384
68385
68391
68401
68421
68422
68423
68430
68433
68451
68455
68456
68458
68459
68469
68495
68498
68523
68524
68532
68537
68542
68552
68555
68559
68567
68569
68580
68581
68586
68591
68613
68614
68632
68638
68645
68674
68676
68677
68680
68681
68695
68697
68723
68727
68746
68768
68769
68781
68788
68804
68830
68839
68853
68859
68862
68864
68876
68883
68897
68917
68923
68930
68972
68989
69035
69050
69059
69062
69064
69107
69113
69123
69135
69144
69145
69158
69164
69166
69169
69170
69182
69197
69209
69216
69225
69228
69232
69234
69266
69267
69274
69280
69296
69300
69328
69329
69330
69338
69341
69346
69353
69362
69370
69372
69377
69389
69425
69430
69433
69436
69446
69454
69463
69470
69473
69474
69491
69496
69502
69503
69519
69520
69526
69545
69547
69606
69612
69613
69618
69631
69632
69650
69656
69663
69666
69680
69696
69707
69709
69735
69742
69751
69781
69784
69785
69789
69802
69805
69813
69815
69825
69829
69841
69842
69860
69863
69882
69884
69888
69903
69911
69916
69922
69936
69947
69959
69975
69976
69997
70013
70017
70035
70048
70051
70061
70091
70100
70110
70123
70148
70150
70164
70165
70177
70180
70194
70202
70207
70219
70220
70221
70224
70227
70231
70233
70281
70282
70295
70302
70322
70328
70330
70331
70344
70346
70370
70397
70407
70410
70420
70447
70458
70459
70460
70482
70488
70500
70504
70506
70516
70522
70530
70536
70542
70556
70559
70562
70565
70581
70601
70604
70621
70629
70651
70674
70682
70683
70684
70691
70695
70696
70698
70699
70700
70704
70709
70714
70735
70741
70747
70751
70763
70768
70772
70802
70805
70808
70844
70849
70853
70881
70888
70901
70903
70914
70935
70937
70946
70974
70981
70991
70997
70998
71014
71015
71033
71035
71041
71054
71061
71063
71066
71069
71076
71085
71097
71101
71106
71114
71125
71133
71135
71146
71152
71159
71163
71164
71168
71169
71182
71185
71191
71200
71202
71208
71222
71225
71235
71237
71240
71241
71242
71246
71248
71255
71256
71293
71294
71298
71304
71336
71337
71347
71360
71369
71370
71375
71423
71439
71442
71466
71469
71485
71487
71489
71494
71501
71512
71537
71541
71551
71561
71572
71574
71585
71607
71617
71648
71665
71709
71710
71732
71733
71739
71757
71780
71782
71795
71801
71810
71812
71852
71861
71866
71881
71884
71885
71910
71913
71950
71958
71966
71968
71980
71985
71997
72032
72044
72049
72052
72074
72076
72080
72101
72103
72104
72105
72134
72146
72154
72169
72178
72180
72189
72205
72211
72213
72228
72257
72258
72268
72276
72282
72293
72294
72297
72306
72307
72314
72318
72323
72348
72374
72376
72378
72380
72398
72400
72403
72416
72425
72444
72465
72466
72473
72477
72483
72490
72516
72519
72520
72537
72562
72578
72586
72612
72623
72643
72649
72653
72657
72667
72683
72686
72689
72694
72714
72726
72728
72731
72749
72755
72759
72765
72777
72786
72798
72800
72831
72834
72835
72839
72853
72857
72861
72879
72900
72906
72908
72922
72923
72930
72931
72932
72941
72942
72949
72953
72966
72973
72993
73003
73008
73021
73024
73062
73094
73097
73099
73102
73119
73124
73133
73145
73165
73172
73173
73177
73190
73193
73194
73195
73201
73203
73210
73234
73286
73289
73292
73314
73344
73346
73356
73372
73380
73388
73401
73402
73407
73414
73434
73441
73454
73469
73470
73477
73481
73495
73496
73500
73504
73511
73514
73516
73523
73530
73535
73540
73545
73546
73556
73558
73562
73567
73569
73601
73605
73608
73612
73614
73625
73626
73633
73645
73648
73652
73653
73661
73665
73673
73684
73686
73688
73690
73713
73716
73751
73766
73771
73776
73780
73793
73800
73802
73805
73820
73826
73832
73834
73835
73849
73856
73863
73871
73883
73899
73904
73907
73923
73930
73944
73948
73981
74008
74020
74030
74041
74049
74050
74053
74066
74084
74090
74092
74097
74114
74128
74145
74173
74174
74175
74185
74191
74194
74195
74207
74246
74248
74253
74254
74258
74264
74272
74278
74281
74284
74285
74287
74290
74296
74302
74307
74321
74333
74335
74346
74348
74367
74373
74384
74385
74393
74409
74410
74415
74443
74445
74468
74489
74491
74493
74495
74501
74505
74520
74527
74528
74558
74562
74575
74600
74614
74643
74650
74651
74655
74666
74679
74684
74685
74698
74702
74703
74711
74712
74722
74725
74769
74773
74776
74785
74819
74831
74839
74843
74849
74851
74857
74869
74873
74874
74891
74895
74913
74935
74941
74948
74959
74978
74986
75005
75010
75034
75040
75042
75050
75059
75062
75071
75079
75092
75127
75135
75148
75160
75163
75164
75190
75206
75227
75228
75237
75259
75263
75267
75275
75278
75288
75295
75308
75309
75314
75322
75327
75330
75338
75339
75351
75360
75365
75377
75379
75397
75399
75411
75433
75435
75442
75445
75450
75459
75463
75468
75501
75521
75538
75543
75548
75552
75560
75568
75584
75588
75593
75606
75612
75617
75627
75637
75648
75660
75666
75670
75679
75692
75694
75695
75701
75704
75706
75708
75709
75714
75716
75721
75745
75752
75755
75761
75768
75776
75792
75817
75832
75833
75834
75835
75838
75843
75854
75870
75877
75896
75900
75906
75912
75924
75947
75972
75982
75984
75990
75999
76021
76033
76039
76060
76066
76069
76072
76086
76091
76094
76097
76106
76110
76124
76125
76135
76142
76151
76157
76192
76193
76198
76240
76259
76261
76267
76278
76279
76284
76307
76312
76324
76342
76374
76376
76399
76400
76410
76416
76417
76419
76435
76452
76459
76461
76468
76470
76491
76496
76499
76502
76505
76510
76511
76529
76531
76562
76568
76570
76591
76601
76615
76617
76619
76624
76638
76651
76672
76677
76684
76689
76700
76709
76725
76737
76755
76759
76760
76773
76774
76786
76787
76801
76805
76829
76830
76833
76835
76847
76852
76855
76866
76872
76874
76897
76903
76907
76912
76921
76927
76938
76939
76955
76972
76979
76984
76996
77014
77016
77021
77027
77032
77037
77046
77050
77051
77053
77067
77071
77085
77105
77108
77114
77133
77135
77146
77179
77184
77186
77196
77202
77208
77227
77240
77243
77246
77247
77251
77262
77266
77277
77287
77292
77304
77306
77316
77325
77326
77342
77352
77359
77363
77380
77391
77397
77398
77431
77436
77444
77451
77458
77497
77502
77512
77562
77571
77575
77585
77586
77592
77593
77605
77670
77674
77677
77695
77701
77709
77711
77718
77736
77747
77753
77755
77760
77761
77762
77778
77830
77843
77845
77852
77853
77858
77866
77880
77895
77897
77905
77920
77928
77930
77946
77953
77976
77985
77991
78004
78005
78013
78017
78032
78034
78037
78043
78047
78053
78054
78056
78063
78080
78082
78098
78104
78118
78137
78139
78154
78165
78168
78186
78191
78198
78199
78205
78206
78219
78221
78241
78254
78257
78262
78267
78270
78273
78277
78280
78286
78287
78300
78306
78310
78318
78319
78353
78363
78372
78392
78405
78412
78440
78447
78455
78456
78461
78464
78470
78473
78477
78482
78503
78507
78514
78541
78573
78580
78583
78597
78606
78641
78644
78650
78651
78659
78670
78672
78675
78680
78688
78694
78717
78718
78720
78721
78768
78774
78786
78796
78799
78800
78805
78810
78818
78821
78822
78829
78830
78866
78872
78888
78897
78900
78903
78908
78921
78932
78941
78949
78951
78965
78972
78993
79005
79011
79015
79017
79019
79026
79039
79043
79045
79047
79049
79055
79081
79088
79094
79107
79127
79128
79135
79139
79150
79152
79160
79161
79171
79188
79197
79217
79218
79253
79289
79291
79308
79321
79341
79348
79371
79374
79376
79386
79388
79389
79407
79411
79432
79446
79456
79470
79471
79480
79481
79496
79507
79508
79520
79524
79532
79534
79550
79553
79565
79575
79585
79593
79613
79615
79619
79645
79652
79660
79681
79682
79685
79695
79715
79718
79720
79723
79726
79727
79750
79766
79777
79781
79790
79800
79808
79814
79827
79839
79840
79844
79849
79853
79861
79876
79879
79881
79882
79883
79884
79885
79897
79911
79917
79926
79938
79943
79945
79957
79962
79967
79971
79973
79987
79992
80003
80004
80006
80008
80010
80012
80015
80031
80054
80087
80090
80094
80102
80121
80129
80135
80149
80151
80160
80168
80169
80170
80174
80175
80176
80182
80185
80192
80197
80205
80208
80219
80223
80248
80256
80268
80278
80279
80284
80285
80289
80290
80305
80306
80308
80319
80320
80341
80347
80352
80369
80370
80371
80388
80389
80394
80406
80415
80422
80424
80455
80458
80459
80475
80494
80497
80505
80507
80512
80522
80530
80532
80536
80548
80562
80568
80574
80575
80578
80587
80590
80599
80602
80603
80615
80633
80639
80644
80647
80657
80661
80665
80670
80680
80683
80688
80722
80738
80760
80768
80784
80788
80798
80805
80807
80825
80826
80857
80858
80862
80885
80895
80896
80899
80908
80928
80944
80953
80967
80968
80970
80980
80983
80996
81019
81036
81040
81041
81055
81057
81058
81059
81061
81062
81077
81104
81107
81110
81113
81120
81123
81130
81151
81163
81170
81180
81194
81219
81231
81237
81240
81241
81258
81277
81281
81282
81293
81295
81300
81307
81310
81316
81324
81330
81369
81383
81390
81397
81405
81414
81416
81422
81434
81439
81442
81455
81458
81459
81467
81472
81474
81483
81486
81522
81524
81541
81543
81550
81551
81554
81559
81583
81585
81588
81593
81598
81618
81623
81641
81644
81672
81686
81689
81693
81704
81733
81743
81751
81758
81782
81787
81807
81813
81818
81841
81857
81866
81867
81871
81872
81882
81883
81890
81895
81927
81933
81945
81963
81969
81995
81998
81999
82027
82043
82046
82054
82097
82123
82130
82154
82156
82158
82167
82187
82188
82204
82208
82212
82214
82218
82232
82254
82255
82259
82261
82266
82272
82300
82301
82311
82316
82317
82322
82325
82338
82341
82357
82358
82364
82367
82371
82375
82380
82387
82395
82424
82464
82471
82473
82474
82478
82487
82507
82516
82529
82537
82543
82558
82562
82598
82613
82627
82633
82656
82664
82676
82730
82737
82746
82748
82754
82763
82765
82770
82774
82784
82821
82826
82832
82834
82850
82851
82854
82857
82861
82866
82868
82883
82888
82909
82910
82916
82970
82971
82989
83011
83028
83029
83059
83062
83087
83107
83111
83119
83128
83151
83172
83173
83178
83183
83184
83186
83189
83193
83198
83199
83202
83209
83216
83240
83245
83248
83252
83274
83284
83285
83293
83294
83298
83302
83305
83319
83320
83327
83328
83341
83343
83352
83370
83371
83378
83394
83405
83408
83414
83415
83421
83437
83442
83446
83448
83450
83473
83492
83500
83503
83509
83518
83530
83531
83538
83542
83548
83550
83552
83554
83557
83564
83578
83585
83593
83600
83607
83611
83617
83621
83624
83645
83670
83687
83691
83703
83705
83710
83746
83749
83750
83755
83757
83767
83769
83773
83779
83809
83810
83821
83831
83833
83864
83869
83880
83884
83888
83909
83916
83923
83954
83956
83957
83969
83982
83986
84006
84021
84022
84025
84033
84063
84078
84086
84087
84093
84105
84107
84115
84122
84136
84148
84149
84153
84159
84160
84178
84180
84193
84229
84230
84231
84242
84247
84248
84268
84270
84276
84277
84285
84288
84290
84299
84326
84329
84330
84339
84342
84351
84357
84390
84392
84399
84403
84405
84418
84423
84437
84448
84461
84463
84465
84486
84489
84491
84500
84519
84526
84533
84546
84549
84557
84560
84574
84581
84583
84588
84589
84596
84601
84604
84612
84613
84637
84650
84659
84685
84689
84715
84721
84726
84752
84756
84760
84767
84777
84784
84788
84795
84799
84800
84807
84812
84815
84819
84823
84824
84852
84856
84862
84893
84921
84926
84937
84940
84953
84958
84965
84966
84986
84987
85001
85002
85004
85012
85020
85023
85038
85051
85052
85053
85073
85081
85092
85101
85121
85129
85133
85150
85178
85194
85206
85213
85216
85236
85253
85254
85268
85280
85298
85311
85323
85327
85349
85357
85376
85394
85405
85413
85423
85428
85429
85436
85462
85467
85484
85486
85493
85504
85515
85516
85519
85523
85526
85539
85541
85558
85563
85569
85597
85599
85606
85607
85618
85619
85639
85701
85712
85716
85720
85728
85774
85777
85799
85805
85815
85832
85836
85838
85840
85842
85845
85857
85862
85882
85884
85885
85887
85898
85900
85921
85924
85931
85944
85959
85965
85970
85991
86011
86025
86026
86035
86054
86072
86076
86080
86082
86098
86106
86113
86120
86124
86136
86142
86163
86172
86180
86187
86197
86202
86209
86214
86219
86228
86229
86245
86251
86252
86266
86268
86286
86287
86294
86308
86309
86312
86333
86335
86354
86356
86357
86361
86367
86388
86391
86403
86413
86417
86432
86439
86444
86447
86453
86455
86469
86484
86490
86498
86499
86503
86511
86526
86542
86552
86553
86561
86574
86595
86598
86608
86616
86627
86645
86648
86656
86667
86669
86674
86678
86689
86699
86700
86710
86719
86725
86731
86735
86747
86752
86761
86786
86793
86817
86824
86830
86838
86848
86857
86862
86876
86881
86886
86910
86918
86919
86947
86958
86969
86976
86985
86988
87004
87009
87015
87018
87024
87026
87033
87034
87059
87077
87078
87086
87091
87100
87107
87134
87139
87160
87190
87193
87198
87215
87228
87231
87269
87270
87289
87326
87359
87360
87362
87371
87375
87381
87382
87384
87413
87417
87423
87448
87472
87475
87479
87492
87493
87516
87530
87538
87539
87544
87548
87549
87589
87590
87603
87615
87624
87629
87631
87643
87650
87656
87663
87680
87690
87691
87692
87707
87724
87740
87752
87755
87757
87758
87761
87765
87779
87797
87800
87802
87820
87832
87838
87843
87850
87863
87865
87867
87869
87878
87908
87925
87937
87939
87941
87945
87958
87968
87974
87978
88001
88003
88006
88028
88069
88074
88078
88082
88085
88116
88118
88140
88147
88149
88162
88202
88207
88208
88212
88214
88215
88222
88224
88232
88250
88253
88269
88274
88279
88280
88284
88287
88329
88344
88351
88372
88375
88381
88407
88409
88437
88448
88471
88472
88476
88489
88505
88506
88512
88524
88532
88533
88538
88543
88555
88559
88578
88595
88596
88623
88627
88630
88633
88636
88639
88650
88670
88694
88696
88699
88709
88714
88721
88746
88752
88753
88756
88765
88766
88777
88779
88781
88784
88800
88805
88809
88812
88814
88822
88826
88836
88851
88853
88873
88881
88905
88908
88910
88918
88921
88929
88937
88965
88976
88980
88985
89005
89006
89012
89020
89042
89044
89055
89056
89057
89058
89060
89061
89066
89070
89073
89084
89104
89109
89118
89119
89135
89138
89165
89168
89175
89191
89213
89230
89258
89269
89284
89301
89303
89317
89318
89327
89330
89340
89346
89348
89349
89353
89355
89369
89397
89398
89400
89402
89416
89429
89437
89453
89456
89463
89475
89493
89496
89509
89513
89536
89543
89558
89562
89571
89573
89576
89589
89596
89598
89605
89610
89622
89626
89632
89634
89657
89666
89678
89683
89684
89688
89694
89698
89701
89715
89719
89720
89721
89723
89733
89743
89753
89767
89769
89772
89776
89778
89781
89793
89824
89831
89841
89842
89851
89857
89869
89872
89875
89879
89883
89886
89896
89915
89930
89932
89948
89955
89957
89966
89981
90002
90010
90024
90033
90035
90045
90063
90071
90073
90078
90091
90094
90104
90127
90131
90145
90152
90157
90159
90176
90178
90193
90197
90209
90211
90219
90222
90228
90229
90234
90235
90261
90268
90269
90273
90275
90276
90284
90297
90298
90313
90326
90344
90358
90365
90367
90380
90397
90406
90412
90415
90417
90420
90422
90432
90436
90452
90463
90466
90470
90473
90491
90495
90507
90508
90512
90533
90542
90563
90581
90592
90595
90607
90610
90612
90636
90637
90640
90644
90665
90666
90671
90678
90683
90684
90701
90707
90713
90736
90740
90747
90764
90774
90775
90778
90783
90787
90792
90793
90800
90801
90803
90812
90836
90851
90860
90863
90922
90924
90934
90938
90939
90950
90957
90966
90982
90987
90993
90998
91006
91014
91026
91039
91044
91048
91050
91055
91056
91073
91093
91097
91099
91113
91119
91131
91140
91147
91159
91165
91170
91172
91186
91200
91201
91206
91207
91209
91213
91241
91261
91263
91275
91276
91282
91283
91286
91290
91332
91338
91341
91348
91352
91366
91380
91381
91385
91387
91388
91390
91411
91442
91448
91455
91456
91457
91460
91472
91477
91478
91500
91508
91509
91513
91528
91534
91557
91575
91590
91595
91646
91648
91666
91671
91689
91714
91717
91740
91766
91789
91794
91800
91831
91835
91839
91850
91857
91862
91875
91880
91899
91903
91904
91930
91933
91938
91957
91961
91963
91967
91969
91985
91986
91987
91990
91994
91998
92003
92018
92024
92034
92038
92056
92065
92072
92107
92111
92128
92157
92182
92189
92274
92308
92311
92312
92317
92332
92334
92345
92353
92362
92363
92365
92369
92374
92411
92427
92441
92445
92447
92454
92458
92474
92479
92480
92494
92498
92504
92508
92526
92540
92544
92546
92553
92561
92585
92595
92596
92597
92602
92604
92611
92631
92640
92641
92646
92650
92655
92689
92701
92715
92717
92730
92740
92741
92747
92748
92750
92764
92773
92776
92779
92784
92798
92800
92811
92816
92827
92835
92851
92855
92870
92878
92884
92892
92932
92940
92942
92954
92959
92973
92977
92981
92994
93000
93001
93008
93013
93036
93042
93046
93075
93093
93156
93163
93165
93172
93178
93187
93195
93217
93220
93262
93272
93276
93279
93281
93299
93305
93312
93320
93323
93329
93333
93338
93348
93361
93372
93381
93386
93389
93393
93409
93413
93414
93429
93437
93451
93455
93462
93472
93475
93490
93507
93509
93512
93516
93527
93531
93537
93554
93565
93566
93574
93578
93579
93594
93600
93605
93606
93615
93627
93634
93639
93643
93658
93665
93671
93674
93680
93682
93685
93688
93715
93730
93746
93768
93772
93775
93782
93785
93788
93792
93793
93803
93806
93813
93837
93847
93852
93853
93857
93859
93899
93909
93913
93920
93928
93931
93936
93946
93953
93970
93974
93975
94009
94020
94021
94029
94040
94043
94053
94059
94060
94065
94068
94076
94078
94093
94115
94118
94129
94146
94155
94165
94176
94185
94186
94188
94201
94217
94219
94223
94230
94241
94243
94262
94265
94266
94285
94287
94292
94293
94301
94305
94306
94313
94318
94349
94355
94365
94371
94372
94373
94385
94398
94399
94430
94441
94445
94450
94456
94480
94489
94503
94509
94514
94519
94526
94539
94544
94548
94563
94581
94598
94599
94601
94603
94631
94636
94643
94649
94650
94655
94658
94670
94676
94684
94687
94689
94712
94715
94723
94731
94736
94738
94747
94773
94780
94790
94797
94803
94811
94814
94816
94819
94822
94826
94829
94843
94851
94858
94859
94860
94875
94877
94885
94892
94893
94904
94914
94919
94920
94931
94935
94965
94978
94987
94996
95002
95006
95009
95013
95017
95019
95020
95029
95034
95049
95052
95053
95059
95069
95076
95117
95119
95130
95148
95154
95157
95163
95167
95207
95217
95220
95226
95229
95236
95240
95246
95249
95264
95265
95266
95299
95302
95309
95310
95314
95318
95331
95348
95349
95393
95398
95400
95409
95411
95413
95422
95426
95436
95456
95482
95491
95495
95508
95520
95529
95532
95541
95547
95550
95556
95559
95573
95575
95578
95579
95602
95605
95617
95630
95632
95643
95655
95656
95673
95701
95711
95717
95719
95723
95730
95737
95750
95757
95765
95766
95785
95792
95794
95824
95851
95860
95868
95882
95899
95903
95913
95917
95922
95924
95930
95931
95937
95938
95941
95946
95956
95962
95970
95980
95988
95995
96001
96019
96063
96064
96075
96081
96083
96085
96093
96102
96127
96130
96134
96136
96142
96160
96167
96187
96189
96193
96203
96204
96224
96235
96242
96243
96250
96259
96265
96278
96285
96291
96300
96301
96305
96306
96320
96321
96327
96337
96350
96366
96368
96376
96378
96381
96383
96390
96391
96395
96413
96417
96450
96460
96463
96464
96473
96477
96483
96492
96497
96498
96503
96505
96513
96515
96525
96531
96547
96570
96578
96593
96608
96625
96626
96629
96651
96667
96703
96709
96711
96712
96715
96717
96726
96742
96750
96761
96762
96772
96774
96785
96787
96803
96817
96829
96838
96843
96869
96887
96922
96923
96927
96938
96947
96949
96957
96962
96964
96974
96977
96980
96990
97003
97004
97011
97037
97039
97043
97044
97045
97051
97082
97095
97103
97124
97126
97146
97149
97161
97164
97171
97173
97185
97193
97210
97215
97223
97228
97237
97257
97262
97275
97280
97337
97343
97347
97349
97359
97376
97378
97380
97395
97406
97410
97418
97423
97432
97436
97452
97464
97465
97476
97496
97497
97504
97511
97532
97540
97544
97545
97550
97552
97555
97568
97569
97582
97588
97604
97625
97644
97646
97660
97681
97689
97691
97696
97701
97711
97718
97719
97727
97736
97746
97756
97766
97779
97780
97782
97806
97814
97830
97832
97835
97854
97855
97862
97863
97864
97870
97889
97899
97906
97907
97938
97939
97943
97948
97951
97956
98021
98024
98025
98029
98040
98047
98050
98103
98109
98113
98115
98120
98122
98133
98136
98155
98178
98188
98193
98201
98202
98206
98218
98224
98232
98235
98244
98248
98251
98253
98261
98267
98277
98283
98289
98290
98311
98314
98317
98339
98340
98351
98362
98376
98383
98386
98388
98397
98400
98415
98426
98433
98447
98449
98450
98459
98464
98467
98491
98501
98510
98511
98522
98526
98565
98568
98574
98580
98600
98613
98620
98623
98626
98629
98631
98638
98649
98652
98658
98659
98668
98687
98691
98716
98720
98731
98735
98744
98745
98754
98766
98784
98794
98803
98805
98815
98842
98846
98848
98860
98863
98876
98877
98886
98889
98890
98894
98900
98916
98931
98933
98940
98943
98949
98951
98955
98959
98962
98966
98967
98971
98973
98976
98983
98984
98989
99018
99024
99034
99035
99036
99044
99050
99056
99062
99063
99070
99078
99084
99086
99103
99124
99126
99130
99133
99149
99155
99159
99192
99193
99195
99202
99204
99212
99217
99219
99220
99228
99235
99240
99254
99263
99265
99269
99272
99279
99296
99312
99315
99323
99324
99330
99336
99344
99354
99364
99367
99384
99393
99394
99397
99404
99406
99432
99443
99447
99460
99467
99468
99473
99474
99476
99478
99491
99520
99534
99537
99555
99558
99560
99563
99569
99574
99578
99580
99587
99592
99604
99606
99609
99618
99622
99629
99639
99640
99645
99654
99655
99660
99662
99666
99681
99686
99704
99709
99710
99719
99722
99726
99739
99742
99762
99769
99773
99782
99785
99808
99810
99817
99828
99832
99851
99859
99864
99866
99877
99880
99896
99898
99901
99902
99928
99957
99978
99981
99986
99988
99990
99993
99996
